179
125
89
198
38
32
83
65
47
156
137
74
185
27
54
24
73
190
119
97
169
154
77
99
102
18
132
81
183
184
93
7
44
139
193
64
55
12
126
162
168
109
146
166
46
96
175
197
192
105
15
130
20
53
60
5
56
150
138
188
124
30
52
36
182
173
141
80
57
108
189
104
70
121
129
8
152
131
21
178
167
31
59
195
2
176
134
92
33
170
135
199
142
13
161
1
177
43
149
50
26
148
160
17
34
115
76
35
75
14
42
114
133
136
48
172
61
41
159
28
71
120
87
68
111
40
187
128
143
194
157
110
39
165
63
88
107
103
151
163
19
127
49
171
191
100
186
196
117
95
147
113
91
9
23
69
106
101
84
155
10
122
158
66
3
123
51
78
85
174
67
45
200
37
94
98
153
86
6
181
118
72
82
22
112
164
144
4
25
11
79
116
145
16
29
58
140
180
90
62
