239
8
126
193
249
317
217
44
288
14
70
116
27
23
97
78
62
91
104
255
213
328
128
275
133
173
340
214
207
21
250
320
187
216
208
244
260
186
274
325
256
181
302
199
263
12
282
24
368
228
74
267
369
22
363
222
399
98
220
386
215
306
17
299
89
353
84
43
182
184
68
129
195
319
219
322
277
138
396
380
323
262
146
52
123
75
141
375
349
106
378
315
122
86
367
342
87
142
120
352
132
268
25
118
183
108
136
316
285
390
337
77
94
156
327
371
300
196
259
151
135
254
113
81
4
377
232
188
281
264
28
162
290
348
154
257
312
66
36
313
376
159
178
237
117
358
247
130
34
153
189
370
364
125
344
238
1
230
266
65
83
392
90
246
318
233
345
314
354
332
194
38
16
40
139
279
372
11
85
286
2
226
55
169
218
339
54
10
143
201
131
88
296
60
276
391
15
210
119
56
29
330
357
7
72
333
155
343
206
163
346
283
148
248
190
234
61
389
361
114
212
50
236
393
109
82
5
269
321
292
202
224
335
115
150
395
180
49
26
59
167
211
152
174
347
198
252
235
261
225
205
161
37
124
310
33
107
6
366
175
385
101
273
351
63
127
19
145
203
356
240
102
382
160
388
387
99
229
383
394
287
30
47
111
121
64
331
92
373
355
362
103
51
197
311
398
284
379
293
326
289
71
76
305
223
278
53
227
304
209
170
329
144
338
165
400
32
359
251
336
397
272
308
73
18
231
241
20
100
9
105
149
112
110
280
67
341
147
96
80
166
157
374
185
69
334
303
13
35
324
258
309
41
245
158
384
177
45
58
253
350
171
243
46
134
164
307
270
137
176
31
39
95
191
295
192
79
93
172
381
221
294
298
204
179
168
271
3
57
42
242
297
365
360
291
140
200
48
301
265
