496
324
337
498
126
24
408
460
206
317
135
454
292
26
141
55
79
495
89
338
182
169
286
356
174
130
357
241
132
22
20
86
205
44
384
378
163
125
171
28
346
266
366
231
444
397
405
274
426
81
237
41
279
371
263
464
289
388
472
252
271
54
101
151
56
417
427
295
234
300
447
480
301
302
385
211
267
96
305
394
389
87
214
445
478
290
7
446
421
253
222
341
154
27
161
195
172
287
157
167
296
244
31
380
449
38
85
67
430
61
436
136
467
235
121
419
374
361
476
479
288
411
321
487
201
392
362
150
349
227
202
80
331
193
355
370
65
282
391
116
128
257
414
491
457
42
428
165
84
107
188
36
246
5
243
13
373
344
97
497
284
147
314
326
330
229
431
350
451
94
387
39
489
164
74
230
152
424
471
360
369
415
208
133
250
359
123
339
482
364
1
452
261
108
168
358
105
46
307
75
83
416
62
35
15
294
8
185
382
325
334
453
368
365
177
99
112
213
407
57
475
120
247
160
37
210
494
465
248
68
76
351
332
122
124
438
352
322
485
386
272
315
304
180
53
145
47
184
390
221
381
484
34
181
402
173
488
170
422
16
131
285
259
14
312
196
401
440
109
270
291
64
226
379
462
273
90
58
45
70
144
245
166
395
191
434
442
455
95
347
354
156
372
106
340
348
186
429
3
73
102
277
499
198
466
276
260
403
470
493
309
220
435
225
393
19
63
345
404
32
18
412
327
134
197
474
118
192
328
418
433
456
113
91
199
298
149
40
251
399
51
6
303
500
311
103
88
162
175
52
329
129
178
313
12
155
299
59
441
254
283
49
310
139
60
473
281
376
71
153
100
249
439
10
335
179
92
23
142
336
219
242
486
308
316
21
409
104
224
2
258
275
255
93
400
353
363
228
140
148
48
398
72
280
30
189
114
240
367
66
200
396
17
256
215
77
183
190
43
450
236
377
319
483
477
127
216
383
238
159
278
207
406
138
223
194
423
306
111
463
119
50
204
82
217
143
268
420
158
187
425
343
265
448
490
293
137
218
232
33
468
375
318
4
432
443
146
203
9
115
413
233
78
459
25
29
110
458
264
481
209
333
11
212
98
320
176
492
323
117
69
239
437
297
262
461
410
269
342
469
