41
273
37
72
7
27
131
97
219
9
223
60
16
75
254
147
71
215
224
230
188
201
144
277
134
207
24
122
283
94
132
275
286
225
191
19
34
213
22
109
247
280
128
174
210
101
76
189
158
95
173
239
300
167
40
149
196
251
139
125
70
294
137
202
36
153
287
114
88
26
55
264
186
49
200
164
85
206
38
274
184
81
25
96
127
162
249
180
193
152
258
104
185
231
177
43
192
12
4
3
178
263
298
250
50
100
238
46
199
57
246
98
205
64
256
6
14
68
234
78
212
61
116
106
296
56
181
159
87
69
45
240
295
227
195
63
278
86
146
269
108
29
235
28
236
110
292
233
243
285
271
93
276
129
102
53
282
10
136
58
211
228
79
18
77
262
143
15
59
145
23
257
220
103
253
194
84
272
270
299
120
284
166
187
111
232
2
293
1
252
221
35
31
115
90
135
21
176
183
73
83
281
165
92
248
118
157
169
290
209
170
266
51
297
30
74
151
245
13
168
204
150
89
241
148
133
267
112
48
190
17
20
260
218
117
11
268
182
141
255
156
155
160
259
91
261
216
130
161
82
208
226
179
163
80
113
123
229
52
47
142
138
244
289
217
65
124
119
214
197
291
5
105
126
203
140
32
67
42
171
237
54
121
288
107
172
279
62
265
99
154
175
33
222
8
44
242
198
39
66
